{
 "cells": [
  {
   "cell_type": "markdown",
   "metadata": {},
   "source": [
    "# WORKSHOP INTRODUÇÃO À MACHINE LEARNING\n",
    "Autoria: Lilianne M. I. Nakazono | Organização: Pyladies SP | Local: FIAP Paulista\n",
    "\n",
    "Neste arquivo vocês irão botar em prática tudo o que aprenderam. Usem o tutorial.ipynb como material de consulta :)"
   ]
  },
  {
   "cell_type": "code",
   "execution_count": 2,
   "metadata": {},
   "outputs": [],
   "source": [
    "'''\n",
    "\n",
    "\n",
    "'''\n",
    "\n",
    "# Importando bibliotecas:\n",
    "import matplotlib.pyplot as plt\n",
    "from sklearn.metrics import confusion_matrix\n",
    "from sklearn import datasets\n",
    "import pandas as pd\n",
    "import numpy as np\n",
    "import matplotlib.pyplot as plt \n",
    "import seaborn as sns\n",
    "from sklearn.model_selection import train_test_split\n",
    "from sklearn.svm import SVC\n",
    "from sklearn.ensemble import RandomForestClassifier\n",
    "from sklearn.neighbors import KNeighborsClassifier\n",
    "from sklearn.tree import DecisionTreeClassifier\n",
    "from sklearn.metrics import confusion_matrix\n",
    "import itertools\n",
    "from sklearn import metrics"
   ]
  },
  {
   "cell_type": "code",
   "execution_count": 101,
   "metadata": {},
   "outputs": [],
   "source": [
    "def plot_confusion_matrix(cm, classes,\n",
    "                          normalize=False,\n",
    "                          title='Confusion matrix',\n",
    "                          cmap=plt.cm.Blues):\n",
    "    \"\"\"\n",
    "    This function prints and plots the confusion matrix.\n",
    "    Normalization can be applied by setting `normalize=True`.\n",
    "    \"\"\"\n",
    "    if normalize:\n",
    "        cm = cm.astype('float') / cm.sum(axis=1)[:, np.newaxis]\n",
    "        print(\"Normalized confusion matrix\")\n",
    "    else:\n",
    "        print('Confusion matrix, without normalization')\n",
    "\n",
    "    plt.imshow(cm, interpolation='nearest', cmap=cmap)\n",
    "    plt.title(title)\n",
    "    plt.colorbar()\n",
    "    tick_marks = np.arange(len(classes))\n",
    "    plt.xticks(tick_marks, classes, rotation=45)\n",
    "    plt.yticks(tick_marks, classes)\n",
    "\n",
    "    fmt = '.3f' if normalize else 'd'\n",
    "    thresh = cm.max() / 2.\n",
    "    for i, j in itertools.product(range(cm.shape[0]), range(cm.shape[1])):\n",
    "        plt.text(j, i, format(cm[i, j], fmt),\n",
    "                 horizontalalignment=\"center\",verticalalignment=\"center\",\n",
    "                 color=\"white\" if cm[i, j] > thresh else \"black\")\n",
    "\n",
    "    plt.ylabel('True label')\n",
    "    plt.xlabel('Predicted label')\n",
    "    plt.tight_layout()\n",
    "    print (cm)\n",
    "    return(cm)\n",
    "    "
   ]
  },
  {
   "cell_type": "code",
   "execution_count": 5,
   "metadata": {},
   "outputs": [],
   "source": [
    "'''\n",
    "3. Leitura de dados\n",
    "'''\n",
    "#  Star/Galaxy dataset\n",
    "\n",
    "url = 'https://raw.githubusercontent.com/marixko/'\n",
    "file = 'tutorial_classifiers/master/tutorial_data.txt'\n",
    "data = pd.read_csv(url+file, delim_whitespace=True, low_memory=False)"
   ]
  },
  {
   "cell_type": "code",
   "execution_count": 8,
   "metadata": {},
   "outputs": [
    {
     "data": {
      "text/plain": [
       "21"
      ]
     },
     "execution_count": 8,
     "metadata": {},
     "output_type": "execute_result"
    }
   ],
   "source": [
    "len(data.columns)"
   ]
  },
  {
   "cell_type": "code",
   "execution_count": 6,
   "metadata": {},
   "outputs": [
    {
     "data": {
      "text/plain": [
       "Index(['FIELD', 'ID', 'RA_1', 'Dec_1', 'FWHM_n', 'A', 'B', 'KrRadDet',\n",
       "       'uJAVA_auto', 'F378_auto', 'F395_auto', 'F410_auto', 'F430_auto',\n",
       "       'g_auto', 'F515_auto', 'r_auto', 'F660_auto', 'i_auto', 'F861_auto',\n",
       "       'z_auto', 'class'],\n",
       "      dtype='object')"
      ]
     },
     "execution_count": 6,
     "metadata": {},
     "output_type": "execute_result"
    }
   ],
   "source": [
    "data.columns"
   ]
  },
  {
   "cell_type": "code",
   "execution_count": 7,
   "metadata": {},
   "outputs": [
    {
     "data": {
      "text/plain": [
       "0     GALAXY\n",
       "1     GALAXY\n",
       "2     GALAXY\n",
       "3     GALAXY\n",
       "4     GALAXY\n",
       "5     GALAXY\n",
       "6     GALAXY\n",
       "7     GALAXY\n",
       "8     GALAXY\n",
       "9     GALAXY\n",
       "10    GALAXY\n",
       "11    GALAXY\n",
       "12    GALAXY\n",
       "13    GALAXY\n",
       "14    GALAXY\n",
       "15    GALAXY\n",
       "16    GALAXY\n",
       "17    GALAXY\n",
       "18    GALAXY\n",
       "19    GALAXY\n",
       "Name: class, dtype: object"
      ]
     },
     "execution_count": 7,
     "metadata": {},
     "output_type": "execute_result"
    }
   ],
   "source": [
    "data.iloc[0:20, 20]   # índice 20 é a coluna 21 = Classe do objeto ( estrela/galaxia)"
   ]
  },
  {
   "cell_type": "code",
   "execution_count": 16,
   "metadata": {},
   "outputs": [],
   "source": [
    "'''\n",
    "'FWHM_n', 'A', 'B', 'KrRadDet',\n",
    "       'uJAVA_auto', 'F378_auto', 'F395_auto', 'F410_auto', 'F430_auto',\n",
    "       'g_auto', 'F515_auto', 'r_auto', 'F660_auto', 'i_auto', 'F861_auto',\n",
    "       'z_auto',\n",
    "'''\n",
    "\n",
    "data2=data.iloc[:,4:22]   #ou [ 4 ; len(data.columns)+1] \n",
    "# DEtalhe: nao existe coluna c/ indice 22, mas comando iloc interpreta que queremos até a última coluna\n"
   ]
  },
  {
   "cell_type": "code",
   "execution_count": 17,
   "metadata": {},
   "outputs": [
    {
     "data": {
      "text/plain": [
       "17"
      ]
     },
     "execution_count": 17,
     "metadata": {},
     "output_type": "execute_result"
    }
   ],
   "source": [
    "len(data2.columns)"
   ]
  },
  {
   "cell_type": "code",
   "execution_count": 12,
   "metadata": {},
   "outputs": [
    {
     "data": {
      "text/plain": [
       "0     2.64\n",
       "1     2.19\n",
       "2     2.13\n",
       "3     2.33\n",
       "4     1.96\n",
       "5     3.41\n",
       "6     4.75\n",
       "7     3.04\n",
       "8     2.33\n",
       "9     5.02\n",
       "10    2.39\n",
       "11    3.85\n",
       "12    8.06\n",
       "13    1.84\n",
       "14    4.07\n",
       "15    1.51\n",
       "16    2.67\n",
       "17    1.49\n",
       "18    2.20\n",
       "19    3.53\n",
       "Name: FWHM_n, dtype: float64"
      ]
     },
     "execution_count": 12,
     "metadata": {},
     "output_type": "execute_result"
    }
   ],
   "source": [
    "data2.iloc[0:20,0]"
   ]
  },
  {
   "cell_type": "code",
   "execution_count": 18,
   "metadata": {},
   "outputs": [
    {
     "data": {
      "text/plain": [
       "Index(['FWHM_n', 'A', 'B', 'KrRadDet', 'uJAVA_auto', 'F378_auto', 'F395_auto',\n",
       "       'F410_auto', 'F430_auto', 'g_auto', 'F515_auto', 'r_auto', 'F660_auto',\n",
       "       'i_auto', 'F861_auto', 'z_auto', 'class'],\n",
       "      dtype='object')"
      ]
     },
     "execution_count": 18,
     "metadata": {},
     "output_type": "execute_result"
    }
   ],
   "source": [
    "data2.columns"
   ]
  },
  {
   "cell_type": "code",
   "execution_count": 20,
   "metadata": {},
   "outputs": [
    {
     "data": {
      "text/html": [
       "<div>\n",
       "<style scoped>\n",
       "    .dataframe tbody tr th:only-of-type {\n",
       "        vertical-align: middle;\n",
       "    }\n",
       "\n",
       "    .dataframe tbody tr th {\n",
       "        vertical-align: top;\n",
       "    }\n",
       "\n",
       "    .dataframe thead th {\n",
       "        text-align: right;\n",
       "    }\n",
       "</style>\n",
       "<table border=\"1\" class=\"dataframe\">\n",
       "  <thead>\n",
       "    <tr style=\"text-align: right;\">\n",
       "      <th></th>\n",
       "      <th>FWHM_n</th>\n",
       "      <th>A</th>\n",
       "      <th>B</th>\n",
       "      <th>KrRadDet</th>\n",
       "      <th>uJAVA_auto</th>\n",
       "      <th>F378_auto</th>\n",
       "      <th>F395_auto</th>\n",
       "      <th>F410_auto</th>\n",
       "      <th>F430_auto</th>\n",
       "      <th>g_auto</th>\n",
       "      <th>F515_auto</th>\n",
       "      <th>r_auto</th>\n",
       "      <th>F660_auto</th>\n",
       "      <th>i_auto</th>\n",
       "      <th>F861_auto</th>\n",
       "      <th>z_auto</th>\n",
       "    </tr>\n",
       "  </thead>\n",
       "  <tbody>\n",
       "    <tr>\n",
       "      <th>FWHM_n</th>\n",
       "      <td>1.000000</td>\n",
       "      <td>0.839555</td>\n",
       "      <td>0.512291</td>\n",
       "      <td>0.611989</td>\n",
       "      <td>0.047466</td>\n",
       "      <td>0.074574</td>\n",
       "      <td>0.066278</td>\n",
       "      <td>0.201061</td>\n",
       "      <td>0.175818</td>\n",
       "      <td>0.244246</td>\n",
       "      <td>0.219978</td>\n",
       "      <td>0.286285</td>\n",
       "      <td>0.283785</td>\n",
       "      <td>0.281232</td>\n",
       "      <td>0.260957</td>\n",
       "      <td>0.257709</td>\n",
       "    </tr>\n",
       "    <tr>\n",
       "      <th>A</th>\n",
       "      <td>0.839555</td>\n",
       "      <td>1.000000</td>\n",
       "      <td>0.730396</td>\n",
       "      <td>0.542292</td>\n",
       "      <td>-0.145211</td>\n",
       "      <td>-0.120766</td>\n",
       "      <td>-0.131018</td>\n",
       "      <td>-0.003861</td>\n",
       "      <td>-0.043364</td>\n",
       "      <td>-0.001228</td>\n",
       "      <td>-0.032557</td>\n",
       "      <td>0.020555</td>\n",
       "      <td>0.014607</td>\n",
       "      <td>0.007401</td>\n",
       "      <td>-0.018301</td>\n",
       "      <td>-0.022914</td>\n",
       "    </tr>\n",
       "    <tr>\n",
       "      <th>B</th>\n",
       "      <td>0.512291</td>\n",
       "      <td>0.730396</td>\n",
       "      <td>1.000000</td>\n",
       "      <td>0.439103</td>\n",
       "      <td>-0.305832</td>\n",
       "      <td>-0.278933</td>\n",
       "      <td>-0.279254</td>\n",
       "      <td>-0.168761</td>\n",
       "      <td>-0.206229</td>\n",
       "      <td>-0.183389</td>\n",
       "      <td>-0.213373</td>\n",
       "      <td>-0.161669</td>\n",
       "      <td>-0.167198</td>\n",
       "      <td>-0.168030</td>\n",
       "      <td>-0.186959</td>\n",
       "      <td>-0.188798</td>\n",
       "    </tr>\n",
       "    <tr>\n",
       "      <th>KrRadDet</th>\n",
       "      <td>0.611989</td>\n",
       "      <td>0.542292</td>\n",
       "      <td>0.439103</td>\n",
       "      <td>1.000000</td>\n",
       "      <td>0.250484</td>\n",
       "      <td>0.281638</td>\n",
       "      <td>0.286725</td>\n",
       "      <td>0.459663</td>\n",
       "      <td>0.444757</td>\n",
       "      <td>0.522419</td>\n",
       "      <td>0.491980</td>\n",
       "      <td>0.568063</td>\n",
       "      <td>0.564594</td>\n",
       "      <td>0.563376</td>\n",
       "      <td>0.540045</td>\n",
       "      <td>0.537032</td>\n",
       "    </tr>\n",
       "    <tr>\n",
       "      <th>uJAVA_auto</th>\n",
       "      <td>0.047466</td>\n",
       "      <td>-0.145211</td>\n",
       "      <td>-0.305832</td>\n",
       "      <td>0.250484</td>\n",
       "      <td>1.000000</td>\n",
       "      <td>0.977886</td>\n",
       "      <td>0.966915</td>\n",
       "      <td>0.934877</td>\n",
       "      <td>0.931855</td>\n",
       "      <td>0.870678</td>\n",
       "      <td>0.882644</td>\n",
       "      <td>0.750987</td>\n",
       "      <td>0.714843</td>\n",
       "      <td>0.660726</td>\n",
       "      <td>0.620463</td>\n",
       "      <td>0.609367</td>\n",
       "    </tr>\n",
       "    <tr>\n",
       "      <th>F378_auto</th>\n",
       "      <td>0.074574</td>\n",
       "      <td>-0.120766</td>\n",
       "      <td>-0.278933</td>\n",
       "      <td>0.281638</td>\n",
       "      <td>0.977886</td>\n",
       "      <td>1.000000</td>\n",
       "      <td>0.971463</td>\n",
       "      <td>0.941335</td>\n",
       "      <td>0.936022</td>\n",
       "      <td>0.876836</td>\n",
       "      <td>0.889432</td>\n",
       "      <td>0.759613</td>\n",
       "      <td>0.724160</td>\n",
       "      <td>0.671152</td>\n",
       "      <td>0.630921</td>\n",
       "      <td>0.619693</td>\n",
       "    </tr>\n",
       "    <tr>\n",
       "      <th>F395_auto</th>\n",
       "      <td>0.066278</td>\n",
       "      <td>-0.131018</td>\n",
       "      <td>-0.279254</td>\n",
       "      <td>0.286725</td>\n",
       "      <td>0.966915</td>\n",
       "      <td>0.971463</td>\n",
       "      <td>1.000000</td>\n",
       "      <td>0.945751</td>\n",
       "      <td>0.942531</td>\n",
       "      <td>0.887913</td>\n",
       "      <td>0.898664</td>\n",
       "      <td>0.778982</td>\n",
       "      <td>0.744883</td>\n",
       "      <td>0.694760</td>\n",
       "      <td>0.656544</td>\n",
       "      <td>0.645615</td>\n",
       "    </tr>\n",
       "    <tr>\n",
       "      <th>F410_auto</th>\n",
       "      <td>0.201061</td>\n",
       "      <td>-0.003861</td>\n",
       "      <td>-0.168761</td>\n",
       "      <td>0.459663</td>\n",
       "      <td>0.934877</td>\n",
       "      <td>0.941335</td>\n",
       "      <td>0.945751</td>\n",
       "      <td>1.000000</td>\n",
       "      <td>0.984517</td>\n",
       "      <td>0.962703</td>\n",
       "      <td>0.961679</td>\n",
       "      <td>0.884248</td>\n",
       "      <td>0.854985</td>\n",
       "      <td>0.808642</td>\n",
       "      <td>0.768812</td>\n",
       "      <td>0.758427</td>\n",
       "    </tr>\n",
       "    <tr>\n",
       "      <th>F430_auto</th>\n",
       "      <td>0.175818</td>\n",
       "      <td>-0.043364</td>\n",
       "      <td>-0.206229</td>\n",
       "      <td>0.444757</td>\n",
       "      <td>0.931855</td>\n",
       "      <td>0.936022</td>\n",
       "      <td>0.942531</td>\n",
       "      <td>0.984517</td>\n",
       "      <td>1.000000</td>\n",
       "      <td>0.973044</td>\n",
       "      <td>0.972831</td>\n",
       "      <td>0.901818</td>\n",
       "      <td>0.874865</td>\n",
       "      <td>0.830889</td>\n",
       "      <td>0.794354</td>\n",
       "      <td>0.784306</td>\n",
       "    </tr>\n",
       "    <tr>\n",
       "      <th>g_auto</th>\n",
       "      <td>0.244246</td>\n",
       "      <td>-0.001228</td>\n",
       "      <td>-0.183389</td>\n",
       "      <td>0.522419</td>\n",
       "      <td>0.870678</td>\n",
       "      <td>0.876836</td>\n",
       "      <td>0.887913</td>\n",
       "      <td>0.962703</td>\n",
       "      <td>0.973044</td>\n",
       "      <td>1.000000</td>\n",
       "      <td>0.995132</td>\n",
       "      <td>0.972112</td>\n",
       "      <td>0.955053</td>\n",
       "      <td>0.925839</td>\n",
       "      <td>0.897123</td>\n",
       "      <td>0.890322</td>\n",
       "    </tr>\n",
       "    <tr>\n",
       "      <th>F515_auto</th>\n",
       "      <td>0.219978</td>\n",
       "      <td>-0.032557</td>\n",
       "      <td>-0.213373</td>\n",
       "      <td>0.491980</td>\n",
       "      <td>0.882644</td>\n",
       "      <td>0.889432</td>\n",
       "      <td>0.898664</td>\n",
       "      <td>0.961679</td>\n",
       "      <td>0.972831</td>\n",
       "      <td>0.995132</td>\n",
       "      <td>1.000000</td>\n",
       "      <td>0.965653</td>\n",
       "      <td>0.949815</td>\n",
       "      <td>0.919970</td>\n",
       "      <td>0.893351</td>\n",
       "      <td>0.886144</td>\n",
       "    </tr>\n",
       "    <tr>\n",
       "      <th>r_auto</th>\n",
       "      <td>0.286285</td>\n",
       "      <td>0.020555</td>\n",
       "      <td>-0.161669</td>\n",
       "      <td>0.568063</td>\n",
       "      <td>0.750987</td>\n",
       "      <td>0.759613</td>\n",
       "      <td>0.778982</td>\n",
       "      <td>0.884248</td>\n",
       "      <td>0.901818</td>\n",
       "      <td>0.972112</td>\n",
       "      <td>0.965653</td>\n",
       "      <td>1.000000</td>\n",
       "      <td>0.996397</td>\n",
       "      <td>0.985739</td>\n",
       "      <td>0.970147</td>\n",
       "      <td>0.966610</td>\n",
       "    </tr>\n",
       "    <tr>\n",
       "      <th>F660_auto</th>\n",
       "      <td>0.283785</td>\n",
       "      <td>0.014607</td>\n",
       "      <td>-0.167198</td>\n",
       "      <td>0.564594</td>\n",
       "      <td>0.714843</td>\n",
       "      <td>0.724160</td>\n",
       "      <td>0.744883</td>\n",
       "      <td>0.854985</td>\n",
       "      <td>0.874865</td>\n",
       "      <td>0.955053</td>\n",
       "      <td>0.949815</td>\n",
       "      <td>0.996397</td>\n",
       "      <td>1.000000</td>\n",
       "      <td>0.993552</td>\n",
       "      <td>0.983711</td>\n",
       "      <td>0.980167</td>\n",
       "    </tr>\n",
       "    <tr>\n",
       "      <th>i_auto</th>\n",
       "      <td>0.281232</td>\n",
       "      <td>0.007401</td>\n",
       "      <td>-0.168030</td>\n",
       "      <td>0.563376</td>\n",
       "      <td>0.660726</td>\n",
       "      <td>0.671152</td>\n",
       "      <td>0.694760</td>\n",
       "      <td>0.808642</td>\n",
       "      <td>0.830889</td>\n",
       "      <td>0.925839</td>\n",
       "      <td>0.919970</td>\n",
       "      <td>0.985739</td>\n",
       "      <td>0.993552</td>\n",
       "      <td>1.000000</td>\n",
       "      <td>0.995460</td>\n",
       "      <td>0.994937</td>\n",
       "    </tr>\n",
       "    <tr>\n",
       "      <th>F861_auto</th>\n",
       "      <td>0.260957</td>\n",
       "      <td>-0.018301</td>\n",
       "      <td>-0.186959</td>\n",
       "      <td>0.540045</td>\n",
       "      <td>0.620463</td>\n",
       "      <td>0.630921</td>\n",
       "      <td>0.656544</td>\n",
       "      <td>0.768812</td>\n",
       "      <td>0.794354</td>\n",
       "      <td>0.897123</td>\n",
       "      <td>0.893351</td>\n",
       "      <td>0.970147</td>\n",
       "      <td>0.983711</td>\n",
       "      <td>0.995460</td>\n",
       "      <td>1.000000</td>\n",
       "      <td>0.997999</td>\n",
       "    </tr>\n",
       "    <tr>\n",
       "      <th>z_auto</th>\n",
       "      <td>0.257709</td>\n",
       "      <td>-0.022914</td>\n",
       "      <td>-0.188798</td>\n",
       "      <td>0.537032</td>\n",
       "      <td>0.609367</td>\n",
       "      <td>0.619693</td>\n",
       "      <td>0.645615</td>\n",
       "      <td>0.758427</td>\n",
       "      <td>0.784306</td>\n",
       "      <td>0.890322</td>\n",
       "      <td>0.886144</td>\n",
       "      <td>0.966610</td>\n",
       "      <td>0.980167</td>\n",
       "      <td>0.994937</td>\n",
       "      <td>0.997999</td>\n",
       "      <td>1.000000</td>\n",
       "    </tr>\n",
       "  </tbody>\n",
       "</table>\n",
       "</div>"
      ],
      "text/plain": [
       "              FWHM_n         A         B  KrRadDet  uJAVA_auto  F378_auto  \\\n",
       "FWHM_n      1.000000  0.839555  0.512291  0.611989    0.047466   0.074574   \n",
       "A           0.839555  1.000000  0.730396  0.542292   -0.145211  -0.120766   \n",
       "B           0.512291  0.730396  1.000000  0.439103   -0.305832  -0.278933   \n",
       "KrRadDet    0.611989  0.542292  0.439103  1.000000    0.250484   0.281638   \n",
       "uJAVA_auto  0.047466 -0.145211 -0.305832  0.250484    1.000000   0.977886   \n",
       "F378_auto   0.074574 -0.120766 -0.278933  0.281638    0.977886   1.000000   \n",
       "F395_auto   0.066278 -0.131018 -0.279254  0.286725    0.966915   0.971463   \n",
       "F410_auto   0.201061 -0.003861 -0.168761  0.459663    0.934877   0.941335   \n",
       "F430_auto   0.175818 -0.043364 -0.206229  0.444757    0.931855   0.936022   \n",
       "g_auto      0.244246 -0.001228 -0.183389  0.522419    0.870678   0.876836   \n",
       "F515_auto   0.219978 -0.032557 -0.213373  0.491980    0.882644   0.889432   \n",
       "r_auto      0.286285  0.020555 -0.161669  0.568063    0.750987   0.759613   \n",
       "F660_auto   0.283785  0.014607 -0.167198  0.564594    0.714843   0.724160   \n",
       "i_auto      0.281232  0.007401 -0.168030  0.563376    0.660726   0.671152   \n",
       "F861_auto   0.260957 -0.018301 -0.186959  0.540045    0.620463   0.630921   \n",
       "z_auto      0.257709 -0.022914 -0.188798  0.537032    0.609367   0.619693   \n",
       "\n",
       "            F395_auto  F410_auto  F430_auto    g_auto  F515_auto    r_auto  \\\n",
       "FWHM_n       0.066278   0.201061   0.175818  0.244246   0.219978  0.286285   \n",
       "A           -0.131018  -0.003861  -0.043364 -0.001228  -0.032557  0.020555   \n",
       "B           -0.279254  -0.168761  -0.206229 -0.183389  -0.213373 -0.161669   \n",
       "KrRadDet     0.286725   0.459663   0.444757  0.522419   0.491980  0.568063   \n",
       "uJAVA_auto   0.966915   0.934877   0.931855  0.870678   0.882644  0.750987   \n",
       "F378_auto    0.971463   0.941335   0.936022  0.876836   0.889432  0.759613   \n",
       "F395_auto    1.000000   0.945751   0.942531  0.887913   0.898664  0.778982   \n",
       "F410_auto    0.945751   1.000000   0.984517  0.962703   0.961679  0.884248   \n",
       "F430_auto    0.942531   0.984517   1.000000  0.973044   0.972831  0.901818   \n",
       "g_auto       0.887913   0.962703   0.973044  1.000000   0.995132  0.972112   \n",
       "F515_auto    0.898664   0.961679   0.972831  0.995132   1.000000  0.965653   \n",
       "r_auto       0.778982   0.884248   0.901818  0.972112   0.965653  1.000000   \n",
       "F660_auto    0.744883   0.854985   0.874865  0.955053   0.949815  0.996397   \n",
       "i_auto       0.694760   0.808642   0.830889  0.925839   0.919970  0.985739   \n",
       "F861_auto    0.656544   0.768812   0.794354  0.897123   0.893351  0.970147   \n",
       "z_auto       0.645615   0.758427   0.784306  0.890322   0.886144  0.966610   \n",
       "\n",
       "            F660_auto    i_auto  F861_auto    z_auto  \n",
       "FWHM_n       0.283785  0.281232   0.260957  0.257709  \n",
       "A            0.014607  0.007401  -0.018301 -0.022914  \n",
       "B           -0.167198 -0.168030  -0.186959 -0.188798  \n",
       "KrRadDet     0.564594  0.563376   0.540045  0.537032  \n",
       "uJAVA_auto   0.714843  0.660726   0.620463  0.609367  \n",
       "F378_auto    0.724160  0.671152   0.630921  0.619693  \n",
       "F395_auto    0.744883  0.694760   0.656544  0.645615  \n",
       "F410_auto    0.854985  0.808642   0.768812  0.758427  \n",
       "F430_auto    0.874865  0.830889   0.794354  0.784306  \n",
       "g_auto       0.955053  0.925839   0.897123  0.890322  \n",
       "F515_auto    0.949815  0.919970   0.893351  0.886144  \n",
       "r_auto       0.996397  0.985739   0.970147  0.966610  \n",
       "F660_auto    1.000000  0.993552   0.983711  0.980167  \n",
       "i_auto       0.993552  1.000000   0.995460  0.994937  \n",
       "F861_auto    0.983711  0.995460   1.000000  0.997999  \n",
       "z_auto       0.980167  0.994937   0.997999  1.000000  "
      ]
     },
     "execution_count": 20,
     "metadata": {},
     "output_type": "execute_result"
    }
   ],
   "source": [
    "'''\n",
    "4.  ANALISE EXPLORATORIA  DE DADOS\n",
    "'''\n",
    "\n",
    "data2.corr() "
   ]
  },
  {
   "cell_type": "code",
   "execution_count": 26,
   "metadata": {},
   "outputs": [
    {
     "data": {
